90122428877
97051577281
67020246915
00321924836
74032236674
76052777357
58102227214
63101488113
97032799877
91050817122
75100297894
77022311595
85010115447
03252859758
47041427467
48010212866
60041891643
75032384183
63012493514
98101799981
91022345563
02242338932
98051738199
86012093683
85121053962
68053162993
46082597119
55020857697
98042612754
00270966826
88012943692
64072395871
58101163971
49111897279
50091462483
93031479385
54052911911
75071358343
67091764347
01261915962
64101381147
59080831767
89122551252
03310564442
85021588647
66051944269
98072019462
95110622291
59092495821
54121146989
60070133536
83042667743
52100637635
69020655421
98010991559
49031538164
49122237774
84122977899
88081149959
71112821463
50073018529
62081889448
72082863659
66021889433
50012116949
98071624265
04302537594
91071219642
75091741886
72101329371
99011038957
61081484196
00291326267
68092574656
58102893954
50080932519
86082091763
55101334419
82052816974
53052033339
50062983351
68032639346
74112422887
57091771492
70081312792
80061279964
77102954913
57080653491
03232582948
00290993671
65040934757
84011257235
92071468692
52012655796
96111712536
51082672362
00301189466
53040277514
83051374584
74101927863
55072648953
05260466757
94113023849
52041347958
47060798562
74061481535
05241733326
02271611453
49032913849
69010297556
00312666998
99111887189
50060537736
54012028143
64051766221
59090948246
72092758129
87080179174
01303189744
55100739871
56102589587
62011498247
49092789817
55052852273
92072198163
82030615627
75012562675
04240372484
56111775487
93031849384
49121364815
85020445882
58102342946
77021631517
99021114184
82051112897
61012814287
96091456635
81011724183
62050445756
97041659221
96083141183
70080999833
52042449642
02252333273
89041919133
78061418249
85092436922
01221025746
53031899277
55091724472
54080983865
99071319591
01210781473
50022796656
81071327238
46061132193
63030597328
67102942582
98080216695
95121754718
59111986738
68032938957
77062263841
47041085786
99082054122
53111382877
00272757545
79012744352
74110417935
90062374889
95021589586
72102124388
67012346216
58082326253
76030714899
03302233141
57102884498
74102754277
53050736975
73111072949
81060853627
59102155143
46092165418
01312839375
67092772842
61063033211
78031414945
62031886891
74051395176
90043021818
83071035874
73081216851
60072182859
02242598927
75123194893
51050871722
02211071514
84060511357
71071367996
86031113542
92041785563
52110743281
47110434888
05252915296
78112624584
78070565462
70043039262
75041754245
96112045255
74081657293
69042212589
50040291346
92070193795
63031413575
93051421186
93072822926
84012743287
69121037229
80041091553
57042267227
91050988114
49110118773
53053044172
63100894326
57050773156
48101236898
66040962171
59072935475
82090933451
76092833239
71091379818
68022521644
59030981948
75030611878
72082925526
05290556327
51071491769
48012312977
53121659464
02232278967
93090564992
78071839481
87092553896
59110836379
58102848893
57111238343
99100799231
54091287327
93100962664
98061772356
76090941147
92021849966
84091045722
61050597876
51082342263
56062923249
84100219917
48091852263
70011617869
53081686685
94010981886
05270517157
73051978147
01302048967
76043036445
92102864912
70102946654
53121996945
55122943438
91082669454
65082944769
72082346279
73090648838
87020751381
74083139384
75020213352
96100327116
00261938872
49122235741
61091145898
74020694655
61121547177
80071144421
98012055679
89072751227
05222618554
47100795184
47102526973
91060519155
95052199194
95051121837
57020347341
96052639457
77111644263
64032531756
50033046966
87040677449
00290272477
87122646653
97050963917
54022842218
49062945591
89052873114
74092318734
03251473751
00291281874
99021143953
63051638961
85021471879
63041594769
68090214727
49010613442
03280343933
78010935519
48022083245
00280975645
83091982222
03251324644
69011669181
87040523191
04291089838
82031264813
94080261796
70042337767
97110364427
81092394992
50110812253
92040318544
04291133896
74052078386
71012482669
55072982394
05310944547
66042756336
91072014383
89052655826
98041568285
65091641224
91021959846
54051091524
64120463211
02231796196
81080694796
93040982821
47030773728
03320863283
48101538587
02221982369
52021632218
79102376272
59100863183
50082434347
82031654856
69112758285
84080828589
57070532588
79070654516
93030134685
67021667629
79042065216
81020964358
83050938671
92112767858
46020168829
01262334896
82022136817
96060118984
50051417618
89012379791
49022026476
98081281584
52070771281
04270189476
95020115171
79030315886
58092137179
67021596637
04230994131
61052943446
88121392859
78122739269
55033069526
62033119496
65011383434
03230717528
74070535984
55012438813
62061814822
51072395413
68032035388
63010196785
81011986286
56110387119
02290358867
48022081298
70090888543
66020874191
82052122158
73062973616
53041471528
01290232274
47011589324
58012575582
97111522259
72091755714
78090623498
05310224788
58071938762
96110153873
05212749413
78102324353
52032572565
47053156135
61092423142
76042341964
62121643115
74061871844
83031611155
83021525819
72021145859
05222345757
03273183869
89041419985
98041548982
83010227421
52042147953
64032938874
05312817658
66032055618
58040588521
55030647783
60052421576
50021511265
58111061416
71120832484
94112677926
01310987575
57093052847
94031694219
91121359663
74120517186
68120233148
79072298147
91081125898
93100663367
69071473395
70121425495
90110365474
56040998153
82061998818
96012157964
82110718468
04283078848
67052075873
92083184364
91100726156
84012671485
65011442636
79112855257
56022262445
89041842299
91080265744
04220943332
01300253411
03263019781
55041699933
49111339476
64061251182
91041597666
52111114716
96113091194
76062357897
02211183776
51042863629
05251724295
70112537877
70082434413
50012915739
98092629162
76013126187
83041975326
69080933642
59041256563
87091847554
96081752891
02292449426
60041292277
75022074195
62073188315
54100344461
53050125498
69041086826
63120463115
68092745317
00232834273
54052151658
97041821334
64120711284
47120849861
95111515644
03220599772
55072944219
01261025351
77113041891
76121713493
93071684374
82061689235
95042619927
01311368515
01261414171
48082636593
89073033193
53061499357
63020782774
56010926973
03262625943
83092042929
85030239545
04281393552
69120295435
82061945544
48052531659
59092832866
47070934466
76082839296
80112235835
90110123148
98051145227
61062212431
68071716738
82111755336
00260733485
88103136727
69102912396
48032329122
02320731271
98020116371
70031751246
00211642255
65101656424
66020779946
56060991172
62072387715
53123073743
88070976661
73053068682
54030996293
75041758751
85090195197
78112474158
01211772951
64062543587
56122264426
71080393849
60030213496
96101189333
56081539489
48101169114
53041269345
68112096395
67043098559
97062063326
46080368621
54112766954
80122137978
96062088474
69041118121
60081289657
70011167371
95092285914
56082679289
60103127363
83092595663
66081429167
00210542433
73011526797
89012348647
58041315898
46080829168
95021175512
66112299497
82040581727
61072114659
02210866919
81050978976
65061455118
73041373941
69120744847
88041837492
76051527588
58121065237
92040341942
54071915789
84072722286
66061128842
46060686525
85071782725
68032461749
98061531977
59070259461
58100284679
84060935317
62040155788
72080319671
81091737118
51112545495
03230221759
65101165957
65033052181
61060249675
00222955344
73091613741
48100138474
84111994533
96010995627
02313082878
81110632426
46060717768
87021997528
84012637564
80071284154
83021096151
01301787241
82030713424
63021566234
66092787836
87102564535
68070456273
00262391283
86100984893
00322973341
88042586654
87052455224
68050649183
99071539546
55101779827
83101747232
88122179763
98122758415
59080263346
74032967789
79122011454
93073115216
69080593581
92062059492
57112114383
79101574893
03231434444
71042319524
85042987737
02283088991
55072766633
93120981241
62011492692
76092715153
79091899655
81011951633
53021276619
55043065578
66022549651
50120484778
77092128635
74112974872
52072137878
01300215671
63050874667
79010112641
01252819943
63080287473
76100483157
05282089741
95081149131
73012138229
57110873282
97021273733
96022496196
78072387792
55090133817
64022924869
75072558667
71122774144
05243033769
76061864664
69082465837
69012637844
60031695871
92031658798
48102592519
00241464627
90091484272
65061341398
95061135965
90021924227
88020167927
96013138838
62081046294
53050514287
79070771189
86110166849
54121895982
57103048578
57063061723
75061935215
78042691834
66040576149
75020837378
86052659225
90062563476
96062446157
52061934291
53100158337
85072448628
55030226771
46040127897
96021762799
96032279381
95120935565
91050879344
94101464643
83110286384
91051659732
67120864785
51062262437
90060653588
60092243338
61071721775
77031437398
87091354535
00252639177
05291941333
93020818896
04252044683
63042988521
55101154992
52081366957
72102271721
87013198124
83082897917
54022122596
79090668393
67071484593
89120596435
59021665394
86040686734
69111737531
98100263234
65110691812
53071357999
99051943235
76051948521
88053025261
68041516571
76081491435
88061837531
61091389911
00322861844
57050213368
78021839585
85040338849
92010183369
49012146393
89092298391
81110728426
96050196664
94060714292
03272399245
02321197562
47121996319
77061281396
51041652424
82012955725
84092827228
94032694119
79121762665
59050687693
71041527155
73101559791
93060441542
03251193688
57082883775
82040386452
49032871374
51110154217
96101228515
53082757751
68013068431
73012492475
46111212772
91112999542
53083094798
72092029665
92052971195
70090445281
86092941656
73041153668
72032477516
69102579492
48011281155
73102113817
91072583388
51090946781
77100815689
89021489878
86083194618
02302822388
64052755882
80112764739
95051869461
81012015396
55052012978
05211865277
65040824719
81092147897
50100528465
54031585474
87082515598
51022059754
79111147135
79012776643
76101276459
61031566736
58041555979
73052332931
56072581132
88101018667
78021999481
73042548537
05212323895
93112547466
71062143419
64052561689
64112719821
87011439236
73010275418
65121136241
00290289163
73032117224
81111713427
72111467478
81010899842
64040634773
50040242632
00302267297
92052016694
92031731235
04281459676
94081522658
48071957256
05290915544
57110299121
59072078996
63120415532
77072792876
69121541542
52041061698
04262177515
79061192915
99070137349
50111242679
49052098595
61060937853
86020392631
77091851958
66021739769
04282546959
59121464132
84032274741
92050352725
46112743943
47031183742
55100797136
56110613689
04252315853
65100939218
60053151269
82061259948
67072334545
79052671966
51072578322
48010353231
82070762613
94071551624
81112584325
04262894647
72121813362
98032576338
71010349645
68090148389
49041038627
76041689751
84042915447
03310433797
00242792419
63021386427
73082135759
89123016761
50112832561
47100773414
81082899625
60100922954
92071649394
94032688479
00310391412
74022188147
86102398933
92102975951
62040198882
74091855944
63050951986
82110588854
76092711937
67031043932
99071928847
58012126566
88070877818
78031471896
02273085522
50042352883
72111329143
77010373428
66110925684
95103054562
00290699959
96081965556
95010581632
03253073539
85122175386
71032054932
00290459762
53071771577
75040128959
57070751792
79012445291
00251384511
86060895572
66011941583
51020844952
50120257532
78092256575
87022491694
01250596822
82060434195
90102333739
73070711622
82111162952
68111384743
68101437679
93022851837
66052978391
61111893895
81022126824
85052027195
52042356492
02312194727
65122864161
84090851346
74070188137
80050442573
52101779659
77110917573
75081959224
92010742566
00270578151
48042388892
55110335238
58011028593
99012275911
61101095852
65081067292
91030816181
73022561336
90101069567
71072861659
55081417388
53080752666
03292567363
67071418992
73020276236
76083085566
78110528798
95070584617
03321597413
67102347158
95052572427
97022793474
62101176677
87041736992
83082732153
84012476127
82030455892
61072692243
97041415474
73092696198
83112833621
64080969833
49051089211
86100631191
57012953189
60111933798
66081474334
99050448236
74011112157
49012835183
63040964868
91020461137
84020192381
75081719273
87021574194
56073191495
65090236243
93120354151
73031319184
78092348953
84110433288
78101182844
70061899123
51012067556
99121014852
54071554218
51050177668
75122088751
52120594383
03271337673
68102044113
54030211516
75112191135
59032244986
88032497261
84112479512
03271239371
97051024233
65031223394
64071297495
72112611999
69122554899
73030324367
71080141671
85030588373
79111279898
99032852183
62021488153
61061645876
78012392169
59100371141
81070516925
97092869765
51111865721
03232245641
48113016262
99030967999
92032924733
66102679771
84032628359
95062259329
76111965141
93043096464
67112022881
74091182781
92041811527
90103021916
87111044819
76081561495
49062567935
62110797784
74122819125
86032182183
51081995226
75113052938
84122146657
84012955699
72111423144
51092245482
02231367763
01271541243
75010835979
79060953362
52013125241
51030616716
73070867286
94060884979
84100925533
02222032629
98011299113
73050468683
55110671336
04311674547
63012124186
54012237842
53060588238
74062022768
72050971113
91061853694
75052278196
94091711475
76092719768
50031631238
99021879285
47102535388
82040396677